 ,Area,Mean,Min,Max,Slice,microns
1,385906.487,43.585,0,375,1,0.000
2,385906.487,42.178,0,384,2,1.000
3,385906.487,48.650,0,357,3,2.000
4,385906.487,52.495,0,543,4,3.000
5,385906.487,56.893,0,743,5,4.000
6,385906.487,62.087,0,863,6,5.000
7,385906.487,68.020,0,901,7,6.000
8,385906.487,75.140,0,1076,8,6.999
9,385906.487,82.263,0,1126,9,7.999
10,385906.487,90.641,0,1208,10,8.999
11,385906.487,98.262,0,1506,11,9.999
12,385906.487,107.627,0,1380,12,10.999
13,385906.487,117.441,0,1506,13,11.999
14,385906.487,116.327,0,1796,14,12.999
15,385906.487,126.367,0,2214,15,13.999
16,385906.487,139.697,0,1933,16,14.999
17,385906.487,152.753,0,2271,17,15.999
18,385906.487,166.275,0,2387,18,16.999
19,385906.487,115.714,0,1884,19,17.999
