 ,Area,Mean,Min,Max,Slice,microns
1,385906.487,38.297,0,384,1,0.000
2,385906.487,40.291,0,377,2,1.000
3,385906.487,42.688,0,439,3,2.000
4,385906.487,46.173,0,414,4,3.000
5,385906.487,50.440,0,389,5,4.000
6,385906.487,55.237,0,650,6,5.000
7,385906.487,60.772,0,769,7,6.000
8,385906.487,67.180,0,1001,8,6.999
9,385906.487,73.193,0,1055,9,7.999
10,385906.487,79.343,0,993,10,8.999
11,385906.487,86.023,0,1217,11,9.999
12,385906.487,93.683,0,1399,12,10.999
13,385906.487,101.480,0,1542,13,11.999
14,385906.487,110.555,0,1275,14,12.999
15,385906.487,120.415,0,2060,15,13.999
16,385906.487,130.422,0,1460,16,14.999
17,385906.487,138.031,0,1560,17,15.999
18,385906.487,146.897,0,1862,18,16.999
19,385906.487,149.061,0,3192,19,17.999
